DA12 3HS,51.4320260000,0.4348760000
DA12 3HU,51.4356710000,0.4373440000
