LU7 9ND,51.9292630000,-0.5971900000
