MK46 5JH,52.1267260000,-0.6866640000
