YO30 1DA,54.0279020000,-1.1971030000
