CA10 1PL,54.7111550000,-2.6499580000
